1,4,1929,129,219,231541,2471,1248,124,12949,2412940,24121
116,14,385,553,575,556,868,484
24,263,747,589,492,239,642,176,879,974,997,1005,334
948,1004,110,287,37,326,372,123,293,570
731,48,413,617,12,663,845,338,163,345,426,842
780,644,434,71,565,517,678,56,894,494,661,87,356,701,260,794,704,342,364,187,388,1000
249,349,728,186,288,236,245,379,927,394
266,848,323,677,549,3,759,583,944,432,77,332
1,863,735,291,50,947,435,493,253,543,353,510,778,564,211,383,824,986,109,439,767,801
609,399,694,917,690,521,324,373,55,866,64
533,325,966,853,63,446,985,581,138,214,838
318,278,843,366,939,601,441,241,185,753,713
511,171,752,491,903,777,295,39,488,800
417,136,125,519,499,818,267,474,638,861,507,411,99,298,102,322,412,598,496,736,452
135,964,953,912,17,547,837,877,937,654,501
975,919,57,251,684,941,282,653,457,465
489,958,130,9,216,710,117,98,929,156,409,128,758,305,988,169,302,159,650,458,203,698
516,145,897,406,580,179,430,174,153,122,782,134,466,365,47,350,275
177,990,882,427,791,662,816,709,530,773,670,762,751,626,242,209,628