988,270,45,75,774,74,388,402,284,861,289,808,982,639,526,490,544
276,163,435,843,510,947,322,265,618,342,296,809,566,946
170,329,12,384,209,367,874,468,52,798,523,496,359,514
854,156,226,168,205,381,747,895,316,321,920,158,309
870,171,971,55,731,551,938,685,500,536,821,144,488,991,521
257,221,353,126,372,863,561,80,62,330,871,222,253,631,621
308,959,107,431,822,820,337,886,160,457,224,590,973,660
261,891,705,522,456,204,418,135,100,58,464,909,839,780
151,715,498,555,192,240,789,754,32,706,969,442,93,912
440,311,92,827,185,749,673,784,255,583,99,763,341,465
961,366,145,901,669,408,84,797,926,588,105,842,999,269
782,114,218,571,81,186,237,627,903,420,737,504,611,640
432,278,83,290,483,817,292,173,319,398,326,653,707,633
230,155,188,134,206,597,480,208,777,884,117,238,271,283,397,8,853
332,475,263,7,273,661,140,463,437,249,374,687,452,507,128
698,873,935,756,722,239,369,851,314,13,15,320,701,133,223
295,716,299,902,739,677,446,550,339,48,732,130,826,532,656,781,828