421,103,671,677,575,905,725
884,308,712,855,500,813
926,492,847,312,831,919,509
842,485,347,930,284,25
23,688,572,763,494,529,984,718
885,374,39,28,1,639
115,816,40,713,633,874,95,593
889,132,253,941,50,57
298,604,66,757,496,832,239,86
15,603,881,221,921,198
549,139,932,352,82,34,959,303
101,833,354,550,740,119,61
894,821,153,288,814,154,412,667
367,33,315
686,888,622,931,168,913,147,647
851,318,431
76,266,544
196,698,596,627
186,234,672
88,828
512,645,706
820,379,181,278
60,173,867
625,364
197,962,369
223,175,869,810
63,85
503,846,438
918,410,489,333
571,653,548
759,329,268,289
903,229
879,891,31,260,597,179,893
904,952,211,983,376,862
687,914,655,925,77,477,964
738,819,53,84,463,573
915,380,863,674
822,599,669,446
521,92,230,143,125
336,673,951
743,606,418,566,678,54
619,969
675,776,800,52
989,576,310,661
466,178,878,806
471,189,406
231,507,307
890,541,462
215,358,242
594,232,160
469,995,760
974,400,850
203,527,632
122,663,324
464,526,292
963,20,195
533